years,FossilSimpleTechno,RenewableSimpleTechno,CarbonStorageTechno,direct_air_capture.DirectAirCaptureTechno,flue_gas_capture.FlueGasTechno
2020,39.80075901,59.72485769,0.237191651,0.1185958255,0.1185958255
2021,39.05982906,60.17094017,0.3846153845,0.19230769225,0.19230769225
2022,37.96892762,61.27320955,0.3789314135,0.18946570675,0.18946570675
2023,37.28693182,61.78977273,0.4616477275,0.23082386375,0.23082386375
2024,35.72719437,60.44985681,1.911474407,0.9557372035,0.9557372035
2025,34.01739718,61.69242463,2.145089097,1.0725445485,1.0725445485
2026,32.36788317,62.86730154,2.3824076445,1.19120382225,1.19120382225
2027,30.82797415,63.95941197,2.6063069429999994,1.3031534714999997,1.3031534715000006
2028,29.37767919,65.01470442,2.8038081944999997,1.4019040972499999,1.4019040972500008
2029,27.97003168,66.01686705,3.006550636,1.503275318,1.503275318
2030,25.71428571,65.71428571,4.2857142855,2.14285714275,2.14285714275
2031,25.40679418,66.37168142,4.110762204,2.055381102,2.055381102
2032,25.09982886,67.02795208,3.9361095265,1.96805476325,1.96805476325
2033,24.79338843,67.6831006,3.761755486,1.880877743,1.880877743
2034,24.48747153,68.33712984,3.5876993164999997,1.7938496582499999,1.7938496582500008
2035,24.18207681,68.99004267,3.413940256,1.706970128,1.706970128
2036,23.87720296,69.64184196,3.2404775439999995,1.6202387719999998,1.6202387720000007
2037,23.57284862,70.29253053,3.0673104230000003,1.5336552115000002,1.5336552114999993
2038,23.26901249,70.94211124,2.8944381384999995,1.4472190692499998,1.4472190692500007
2039,22.96569322,71.5905869,2.7218599375,1.36092996875,1.36092996875
2040,22.65647125,72.21750212,2.5630133104999997,1.2815066552499998,1.2815066552500007
2041,22.54040261,72.58293167,2.438332861,1.2191664305,1.2191664305
2042,22.41770715,72.92849035,2.3269012485,1.16345062425,1.16345062425
2043,22.29480261,73.27463789,2.21527975,1.107639875,1.107639875
2044,22.17168846,73.62137578,2.1034678795,1.05173393975,1.05173393975
2045,22.04836415,73.96870555,1.9914651495000002,0.9957325747500001,0.9957325747499997
2046,21.92482916,74.3166287,1.8792710705,0.93963553525,0.93963553525
2047,21.80108293,74.66514677,1.7668851525,0.88344257625,0.88344257625
2048,21.67712493,75.01426127,1.6543069025,0.82715345125,0.82715345125
2049,21.55295461,75.36397374,1.5415358265,0.77076791325,0.77076791325
2050,21.42857143,75.71428571,1.4285714285,0.71428571425,0.71428571425
2051,21.31188937,76.09345734,1.2973266455,0.64866332275,0.64866332275
2052,21.16849124,76.37820487,1.2266519465,0.61332597325,0.61332597325
2053,21.02348021,76.65704348,1.159738159,0.5798690795,0.5798690795
2054,20.87697768,76.9302328,1.0963947605,0.54819738025,0.54819738025
2055,20.72909846,77.19802185,1.036439847,0.5182199235,0.5182199235
2056,20.57995108,77.46064921,0.9796998565,0.48984992825,0.48984992825
2057,20.42963805,77.71834337,0.9260092874999999,0.46300464374999994,0.46300464375000017
2058,20.27825617,77.971323,0.875210415,0.4376052075,0.4376052075
2059,20.12589674,78.21979725,0.827153007,0.4135765035,0.4135765035
2060,19.9726459,78.46396602,0.781694041,0.3908470205,0.3908470205
2061,19.81858483,78.70402033,0.738697422,0.369348711,0.369348711
2062,19.66379002,78.94014256,0.6980337065,0.34901685325,0.34901685325
2063,19.50833352,79.17250682,0.6595798295,0.32978991475,0.32978991475
2064,19.35228311,79.40127922,0.623218836,0.311609418,0.311609418
2065,19.19570259,79.62661817,0.58883962,0.29441981,0.29441981
2066,19.03865197,79.84867469,0.556336668,0.278168334,0.278168334
2067,18.88118765,80.06759273,0.5256098135,0.26280490675,0.26280490675
2068,18.72336262,80.2835094,0.496563992,0.248281996,0.248281996
2069,18.56522667,80.49655531,0.4691090115,0.23455450575,0.23455450575
2070,18.40682654,80.70685481,0.44315932500000005,0.22157966250000002,0.2215796624999999
2071,18.2482061,80.91452628,0.41863381050000004,0.20931690525000002,0.2093169052499999
2072,18.08940652,81.11968235,0.395455565,0.1977277825,0.1977277825
2073,17.93046638,81.32243022,0.37355169949999995,0.18677584974999997,0.18677584975000008
2074,17.77142189,81.52287182,0.352853145,0.1764265725,0.1764265725
2075,17.61230693,81.72110414,0.3332944655,0.16664723275,0.16664723275
2076,17.45315327,81.91721937,0.31481368,0.15740684,0.15740684
2077,17.29399064,82.11130517,0.2973520905,0.14867604525,0.14867604525
2078,17.13484689,82.30344488,0.280854117,0.1404270585,0.1404270585
2079,16.97574803,82.49371769,0.2652671405,0.13263357025,0.13263357025
2080,16.81671842,82.68219888,0.2505413545,0.12527067725,0.12527067725
2081,16.6577808,82.86895996,0.2366296195,0.11831480975,0.11831480975
2082,16.49895645,83.0540689,0.22348732700000004,0.11174366350000002,0.11174366349999997
2083,16.3402652,83.23759026,0.21107227,0.105536135,0.105536135
2084,16.18172559,83.41958538,0.19934451649999999,0.09967225824999999,0.09967225825000005
2085,16.0233549,83.60011252,0.188266293,0.0941331465,0.0941331465
2086,15.86516924,83.77922702,0.177801871,0.0889009355,0.0889009355
2087,15.70718362,83.95698146,0.1679174595,0.08395872975,0.08395872975
2088,15.54941202,84.13342577,0.1585811035,0.07929055175,0.07929055175
2089,15.39186746,84.30860736,0.1497625865,0.07488129325,0.07488129325
2090,15.23456204,84.48257129,0.1414333385,0.07071666925,0.07071666925
2091,15.07750698,84.65536032,0.133566349,0.0667831745,0.0667831745
2092,14.92071275,84.82701508,0.126136082,0.063068041,0.063068041
2093,14.76418902,84.99757418,0.1191184,0.0595592,0.0595592
2094,14.60794477,85.16707425,0.1124904865,0.05624524325,0.05624524325
2095,14.45198833,85.33555012,0.106230776,0.053115388,0.053115388
2096,14.29632737,85.50303486,0.100318887,0.0501594435,0.0501594435
2097,14.14096902,85.66955987,0.0947355575,0.04736777875,0.04736777875
2098,13.98591983,85.83515501,0.0894625845,0.04473129225,0.04473129225
2099,13.83118585,85.99984862,0.08448276699999999,0.04224138349999999,0.04224138350000002
2100,13.67677264,86.16366765,0.0797798515,0.03988992575,0.03988992575
